3 0.176508 0.186768 0.0439699 0.0102539
3 0.20603 0.141357 0.0477387 0.00976562
4 0.570352 0.361938 0.0477387 0.0100098
2 0.362437 0.1875 0.124372 0.034668
3 0.139447 0.169678 0.0502513 0.012207
3 0.172111 0.134033 0.0753769 0.0146484
3 0.638191 0.543457 0.0728643 0.0146484
3 0.153894 0.144409 0.048995 0.00952148
4 0.799623 0.809204 0.031407 0.0065918
4 0.639447 0.66748 0.0477387 0.00927734
3 0.194095 0.12439 0.0515075 0.0100098
4 0.718593 0.956177 0.0301508 0.0065918
4 0.559673 0.539551 0.0364322 0.00732422
4 0.589196 0.754639 0.0427136 0.00927734
1 0.459171 0.619263 0.0841709 0.0192871
