4 0.84725 0.767334 0.064281 0.0224609
4 0.431743 0.983398 0.0377734 0.0131836
4 0.532472 0.941528 0.0178926 0.0065918
4 0.549702 0.772583 0.0311465 0.010498
4 0.843936 0.799194 0.0324718 0.0119629
4 0.35951 0.378296 0.0536779 0.0178223
4 0.363486 0.544556 0.0377734 0.0134277
4 0.416832 0.665894 0.0344599 0.0134277
3 0.371107 0.82373 0.045063 0.0146484
4 0.551027 0.827759 0.0444003 0.0158691
4 0.652419 0.558472 0.0284957 0.010498
4 0.500994 0.581055 0.0251822 0.00927734
3 0.497681 0.290283 0.0994036 0.0366211
3 0.342611 0.921631 0.0437376 0.0146484
4 0.41882 0.873657 0.0251822 0.00952148
4 0.361498 0.671875 0.0284957 0.00976562
3 0.251822 0.645874 0.0437376 0.0158691
4 0.319748 0.732788 0.0218688 0.00805664
