4 0.305111 0.972168 0.019618 0.00927734
4 0.644812 0.591431 0.0185854 0.00952148
4 0.961797 0.880981 0.019618 0.010498
4 0.665204 0.638672 0.0221993 0.0107422
4 0.738255 0.0843506 0.0144553 0.0065918
4 0.508776 0.458862 0.0149716 0.0065918
4 0.295044 0.632324 0.0170367 0.0078125
4 0.464894 0.831665 0.0242643 0.0119629
4 0.196954 0.526978 0.0170367 0.00854492
4 0.256582 0.757324 0.0185854 0.0078125
4 0.169076 0.54187 0.0129066 0.00610352
1 0.499226 0.644531 0.0392359 0.0166016
4 0.727672 0.12793 0.0221993 0.0102539
4 0.698245 0.61499 0.0139391 0.00732422
4 0.632938 0.314941 0.0165204 0.00830078
4 0.70573 0.187012 0.0175529 0.00830078
4 0.718637 0.0161133 0.0185854 0.0078125
4 0.23206 0.373413 0.0283944 0.013916
4 0.737481 0.310425 0.0252969 0.0109863
4 0.676045 0.601807 0.0149716 0.00732422
4 0.167269 0.164551 0.019618 0.00878906
4 0.463862 0.608032 0.0201342 0.0100098
4 0.652039 0.880981 0.0175529 0.00805664
4 0.259422 0.803955 0.0211668 0.00927734
3 0.64223 0.940796 0.041301 0.0197754
4 0.487868 0.561768 0.019618 0.00927734
