4 0.225095 0.550171 0.0182509 0.00610352
4 0.547148 0.651978 0.0296578 0.0100098
4 0.634601 0.586426 0.0342205 0.0107422
4 0.0562738 0.0378418 0.0182509 0.00634766
4 0.779087 0.682007 0.0174905 0.00561523
4 0.267681 0.428589 0.0243346 0.00805664
4 0.745627 0.542969 0.0342205 0.0112305
4 0.498479 0.69751 0.0555133 0.0146484
4 0.91635 0.970093 0.0182509 0.0065918
4 0.273004 0.610352 0.0425856 0.0141602
4 0.340304 0.384033 0.0326996 0.0107422
4 0.787072 0.901001 0.0365019 0.0119629
4 0.54981 0.867676 0.0288973 0.0078125
4 0.19962 0.274414 0.026616 0.00878906
4 0.376806 0.659546 0.0205323 0.0065918
4 0.485551 0.91687 0.0190114 0.0065918
4 0.114068 0.242188 0.0243346 0.0078125
4 0.258175 0.543213 0.0479087 0.0151367
4 0.426616 0.619263 0.0212928 0.0065918
4 0.382129 0.0839844 0.0205323 0.00634766
4 0.521673 0.528198 0.0456274 0.0153809
4 0.791255 0.639282 0.0205323 0.0065918
4 0.892015 0.769897 0.0319392 0.010498
4 0.387072 0.412842 0.0365019 0.0112305
4 0.397719 0.954224 0.0425856 0.0119629
