4 0.225315 0.25 0.0185553 0.00683594
4 0.653082 0.153564 0.0178926 0.00634766
4 0.707091 0.176025 0.0159046 0.00634766
4 0.715706 0.583374 0.0185553 0.0065918
4 0.413188 0.282104 0.0178926 0.0065918
4 0.425447 0.740601 0.01723 0.0065918
4 0.724652 0.777954 0.0165673 0.0065918
4 0.770046 0.96814 0.0198807 0.0065918
4 0.142147 0.353394 0.0139165 0.00512695
4 0.570908 0.4375 0.019218 0.00732422
4 0.240557 0.153687 0.01723 0.0065918
4 0.278993 0.239502 0.0185553 0.00732422
4 0.383366 0.615112 0.0231942 0.0100098
4 0.561299 0.64856 0.0212061 0.00805664
4 0.170974 0.189697 0.0185553 0.00683594
4 0.729291 0.628906 0.0178926 0.00732422
4 0.796223 0.432495 0.0152419 0.00610352
4 0.358516 0.127441 0.0265076 0.00927734
4 0.154407 0.265625 0.0159046 0.00585938
4 0.333333 0.405884 0.0198807 0.00805664
4 0.364148 0.809814 0.019218 0.0078125
4 0.290921 0.484375 0.01723 0.00585938
4 0.5444 0.242554 0.0152419 0.00561523
4 0.88668 0.784546 0.0185553 0.0065918
4 0.657389 0.103394 0.0331345 0.0134277
4 0.762757 0.595459 0.0251822 0.00878906
4 0.685222 0.763306 0.01723 0.0065918
4 0.369119 0.482422 0.0490391 0.0185547
4 0.300199 0.128052 0.0212061 0.00854492
4 0.491054 0.0991211 0.0198807 0.00683594
4 0.0904573 0.125244 0.0178926 0.00683594
4 0.335321 0.934082 0.0159046 0.00537109
4 0.33499 0.949463 0.0112657 0.00390625
4 0.201458 0.509644 0.0225315 0.00854492
4 0.415176 0.219727 0.019218 0.00732422
4 0.632207 0.0888672 0.0225315 0.00878906
4 0.826044 0.804565 0.019218 0.0065918
4 0.384692 0.630005 0.0218688 0.00805664
4 0.459907 0.696899 0.0185553 0.0065918
4 0.643804 0.133423 0.0218688 0.00756836
4 0.613651 0.292725 0.0159046 0.00585938
3 0.670974 0.121582 0.0284957 0.0117188
4 0.667661 0.0224609 0.0245195 0.00927734
4 0.15507 0.194458 0.0185553 0.00708008
4 0.265739 0.159546 0.0212061 0.00805664
4 0.89662 0.804565 0.01723 0.0065918
4 0.530152 0.973999 0.0212061 0.00805664
4 0.792909 0.609009 0.0178926 0.0065918
4 0.21173 0.273438 0.0205434 0.0078125
4 0.518555 0.21582 0.0245195 0.00830078
4 0.367131 0.205322 0.0238569 0.00976562
4 0.527502 0.325073 0.0225315 0.00805664
4 0.633864 0.714844 0.0258449 0.00927734
4 0.48774 0.529175 0.0185553 0.0065918
4 0.34493 0.0734863 0.0298211 0.0117188
4 0.912193 0.892334 0.0231942 0.00927734
4 0.595096 0.779297 0.0251822 0.00927734
4 0.762094 0.690186 0.0238569 0.00927734
4 0.458582 0.482666 0.0238569 0.00878906
4 0.285288 0.185059 0.019218 0.00732422
4 0.792578 0.443848 0.0198807 0.00732422
4 0.674619 0.344727 0.0159046 0.00585938
4 0.118953 0.317627 0.0205434 0.0078125
4 0.727966 0.672241 0.0218688 0.00805664
4 0.0752154 0.199585 0.019218 0.00708008
4 0.585487 0.59375 0.0178926 0.00683594
4 0.747184 0.919556 0.0178926 0.0065918
4 0.207753 0.147583 0.0231942 0.00854492
4 0.90391 0.863037 0.0265076 0.00927734
4 0.472498 0.125977 0.0251822 0.00976562
4 0.345924 0.763306 0.0198807 0.0065918
4 0.479457 0.334717 0.0205434 0.00732422
4 0.217694 0.338989 0.0258449 0.00952148
4 0.50994 0.654175 0.0337972 0.0119629
4 0.658383 0.213501 0.0417495 0.0148926
4 0.308151 0.628662 0.0198807 0.00732422
4 0.619947 0.962158 0.0271703 0.0107422
4 0.53943 0.620728 0.027833 0.010498
4 0.626243 0.339355 0.0397614 0.0136719
4 0.548708 0.819092 0.0265076 0.0107422
4 0.217031 0.372437 0.0271703 0.0100098
4 0.810802 0.650513 0.0311465 0.0119629
4 0.46057 0.894287 0.0198807 0.0078125
4 0.664347 0.944824 0.0271703 0.00927734
