2 0.4088888888888889 0.7172222222222222 0.19555555555555557 0.15888888888888889
2 0.7533333333333333 0.47055555555555556 0.43555555555555553 0.41444444444444445
3 0.16944444444444445 0.9427777777777778 0.17222222222222222 0.11222222222222222
4 0.6133333333333333 0.9538888888888889 0.08444444444444445 0.07666666666666666
4 0.935 0.9722222222222222 0.056666666666666664 0.05333333333333334
4 0.7761111111111111 0.1388888888888889 0.06555555555555556 0.06222222222222222
4 0.5511111111111111 0.10277777777777777 0.057777777777777775 0.04555555555555556
4 0.20666666666666667 0.295 0.042222222222222223 0.043333333333333335
4 0.805 0.7483333333333333 0.04555555555555556 0.043333333333333335
4 0.5027777777777778 0.8494444444444444 0.052222222222222225 0.05
4 0.7844444444444445 0.22111111111111112 0.035555555555555556 0.03333333333333333