1 0.5083333333333333 0.6227777777777778 0.10777777777777778 0.12111111111111111
1 0.5761111111111111 0.6794444444444444 0.12111111111111111 0.11222222222222222
1 0.5988888888888889 0.7572222222222222 0.10222222222222223 0.09888888888888889
1 0.795 0.7911111111111111 0.1811111111111111 0.18444444444444444
1 0.7527777777777778 0.6027777777777777 0.16111111111111112 0.16111111111111112
1 0.755 0.48944444444444446 0.13 0.11888888888888889
4 0.06333333333333334 0.3005555555555556 0.12444444444444444 0.14555555555555555
4 0.7777777777777778 0.35055555555555556 0.05333333333333334 0.05444444444444444
4 0.34833333333333333 0.26222222222222225 0.03888888888888889 0.042222222222222223
2 0.8955555555555555 0.15833333333333333 0.14888888888888888 0.15
4 0.4683333333333333 0.058333333333333334 0.03222222222222222 0.034444444444444444
4 0.6155555555555555 0.15555555555555556 0.04888888888888889 0.04888888888888889