2 0.10833333333333334 0.1638888888888889 0.14333333333333334 0.15444444444444444
4 0.21944444444444444 0.35388888888888886 0.05444444444444444 0.052222222222222225
4 0.42777777777777776 0.5866666666666667 0.044444444444444446 0.051111111111111114
4 0.6505555555555556 0.2638888888888889 0.043333333333333335 0.043333333333333335
4 0.8466666666666667 0.5555555555555556 0.03777777777777778 0.04
4 0.28555555555555556 0.3811111111111111 0.044444444444444446 0.044444444444444446
4 0.5288888888888889 0.06222222222222222 0.042222222222222223 0.04
3 0.2738888888888889 0.15222222222222223 0.08777777777777777 0.09333333333333334
3 0.3411111111111111 0.14222222222222222 0.08444444444444445 0.09333333333333334
3 0.9388888888888889 0.30333333333333334 0.12 0.15333333333333332
4 0.8955555555555555 0.18722222222222223 0.08888888888888889 0.08777777777777777
3 0.2338888888888889 0.49333333333333335 0.13666666666666666 0.12444444444444444
3 0.24333333333333335 0.5977777777777777 0.1711111111111111 0.16
1 0.48277777777777775 0.6261111111111111 0.13 0.13
1 0.4255555555555556 0.6744444444444444 0.1288888888888889 0.10666666666666667
1 0.19444444444444445 0.7944444444444444 0.19111111111111112 0.19777777777777777